4511	9585
4511	5506
4511	4579
4511	5504
4511	9591
4511	4550
4511	5568
4511	5569
4511	4535
4511	4510
4511	5567
4511	955
4511	4532
4511	5500
4511	9549
4511	9504
4511	4548
4511	4552
4511	4560
4511	5536
4511	9584
4511	4502
4511	5582
4511	4543
4511	5512
4511	5577
4511	4524
4511	9571
4511	9511
4511	9512
4511	9555
4511	9556
9585	4511
9585	5506
9585	4579
9585	5504
9585	9591
9585	4550
9585	5568
9585	5569
9585	4535
9585	4510
9585	5567
9585	955
9585	4532
9585	5500
9585	9549
9585	9504
9585	4548
9585	4552
9585	4560
9585	5536
9585	9584
9585	4502
9585	5582
9585	4543
9585	5512
9585	5577
9585	4524
9585	9571
9585	9511
9585	9512
9585	9555
9585	9556
5506	4511
5506	9585
5506	4579
5506	5504
5506	9591
5506	4550
5506	5568
5506	5569
5506	4535
5506	4510
5506	5567
5506	955
5506	4532
5506	5500
5506	9549
5506	9504
5506	4548
5506	4552
5506	4560
5506	5536
5506	9584
5506	4502
5506	5582
5506	4543
5506	5512
5506	5577
5506	4524
5506	9571
5506	9511
5506	9512
5506	9555
5506	9556
4579	4511
4579	9585
4579	5506
4579	5504
4579	9591
4579	4550
4579	5568
4579	5569
4579	4535
4579	4510
4579	5567
4579	955
4579	4532
4579	5500
4579	9549
4579	9504
4579	4548
4579	4552
4579	4560
4579	5536
4579	9584
4579	4502
4579	5582
4579	4543
4579	5512
4579	5577
4579	4524
4579	9571
4579	9511
4579	9512
4579	9555
4579	9556
5504	4511
5504	9585
5504	5506
5504	4579
5504	9591
5504	4550
5504	5568
5504	5569
5504	4535
5504	4510
5504	5567
5504	955
5504	4532
5504	5500
5504	9549
5504	9504
5504	4548
5504	4552
5504	4560
5504	5536
5504	9584
5504	4502
5504	5582
5504	4543
5504	5512
5504	5577
5504	4524
5504	9571
5504	9511
5504	9512
5504	9555
5504	9556
9591	4511
9591	9585
9591	5506
9591	4579
9591	5504
9591	4550
9591	5568
9591	5569
9591	4535
9591	4510
9591	5567
9591	955
9591	4532
9591	5500
9591	9549
9591	9504
9591	4548
9591	4552
9591	4560
9591	5536
9591	9584
9591	4502
9591	5582
9591	4543
9591	5512
9591	5577
9591	4524
9591	9571
9591	9511
9591	9512
9591	9555
9591	9556
4550	4511
4550	9585
4550	5506
4550	4579
4550	5504
4550	9591
4550	5568
4550	5569
4550	4535
4550	4510
4550	5567
4550	955
4550	4532
4550	5500
4550	9549
4550	9504
4550	4548
4550	4552
4550	4560
4550	5536
4550	9584
4550	4502
4550	5582
4550	4543
4550	5512
4550	5577
4550	4524
4550	9571
4550	9511
4550	9512
4550	9555
4550	9556
5568	4511
5568	9585
5568	5506
5568	4579
5568	5504
5568	9591
5568	4550
5568	5569
5568	4535
5568	4510
5568	5567
5568	955
5568	4532
5568	5500
5568	9549
5568	9504
5568	4548
5568	4552
5568	4560
5568	5536
5568	9584
5568	4502
5568	5582
5568	4543
5568	5512
5568	5577
5568	4524
5568	9571
5568	9511
5568	9512
5568	9555
5568	9556
5569	4511
5569	9585
5569	5506
5569	4579
5569	5504
5569	9591
5569	4550
5569	5568
5569	4535
5569	4510
5569	5567
5569	955
5569	4532
5569	5500
5569	9549
5569	9504
5569	4548
5569	4552
5569	4560
5569	5536
5569	9584
5569	4502
5569	5582
5569	4543
5569	5512
5569	5577
5569	4524
5569	9571
5569	9511
5569	9512
5569	9555
5569	9556
4535	4511
4535	9585
4535	5506
4535	4579
4535	5504
4535	9591
4535	4550
4535	5568
4535	5569
4535	4510
4535	5567
4535	955
4535	4532
4535	5500
4535	9549
4535	9504
4535	4548
4535	4552
4535	4560
4535	5536
4535	9584
4535	4502
4535	5582
4535	4543
4535	5512
4535	5577
4535	4524
4535	9571
4535	9511
4535	9512
4535	9555
4535	9556
4510	4511
4510	9585
4510	5506
4510	4579
4510	5504
4510	9591
4510	4550
4510	5568
4510	5569
4510	4535
4510	5567
4510	955
4510	4532
4510	5500
4510	9549
4510	9504
4510	4548
4510	4552
4510	4560
4510	5536
4510	9584
4510	4502
4510	5582
4510	4543
4510	5512
4510	5577
4510	4524
4510	9571
4510	9511
4510	9512
4510	9555
4510	9556
5567	4511
5567	9585
5567	5506
5567	4579
5567	5504
5567	9591
5567	4550
5567	5568
5567	5569
5567	4535
5567	4510
5567	955
5567	4532
5567	5500
5567	9549
5567	9504
5567	4548
5567	4552
5567	4560
5567	5536
5567	9584
5567	4502
5567	5582
5567	4543
5567	5512
5567	5577
5567	4524
5567	9571
5567	9511
5567	9512
5567	9555
5567	9556
955	4511
955	9585
955	5506
955	4579
955	5504
955	9591
955	4550
955	5568
955	5569
955	4535
955	4510
955	5567
955	4532
955	5500
955	9549
955	9504
955	4548
955	4552
955	4560
955	5536
955	9584
955	4502
955	5582
955	4543
955	5512
955	5577
955	4524
955	9571
955	9511
955	9512
955	9555
955	9556
4532	4511
4532	9585
4532	5506
4532	4579
4532	5504
4532	9591
4532	4550
4532	5568
4532	5569
4532	4535
4532	4510
4532	5567
4532	955
4532	5500
4532	9549
4532	9504
4532	4548
4532	4552
4532	4560
4532	5536
4532	9584
4532	4502
4532	5582
4532	4543
4532	5512
4532	5577
4532	4524
4532	9571
4532	9511
4532	9512
4532	9555
4532	9556
5500	4511
5500	9585
5500	5506
5500	4579
5500	5504
5500	9591
5500	4550
5500	5568
5500	5569
5500	4535
5500	4510
5500	5567
5500	955
5500	4532
5500	9549
5500	9504
5500	4548
5500	4552
5500	4560
5500	5536
5500	9584
5500	4502
5500	5582
5500	4543
5500	5512
5500	5577
5500	4524
5500	9571
5500	9511
5500	9512
5500	9555
5500	9556
9549	4511
9549	9585
9549	5506
9549	4579
9549	5504
9549	9591
9549	4550
9549	5568
9549	5569
9549	4535
9549	4510
9549	5567
9549	955
9549	4532
9549	5500
9549	9504
9549	4548
9549	4552
9549	4560
9549	5536
9549	9584
9549	4502
9549	5582
9549	4543
9549	5512
9549	5577
9549	4524
9549	9571
9549	9511
9549	9512
9549	9555
9549	9556
9504	4511
9504	9585
9504	5506
9504	4579
9504	5504
9504	9591
9504	4550
9504	5568
9504	5569
9504	4535
9504	4510
9504	5567
9504	955
9504	4532
9504	5500
9504	9549
9504	4548
9504	4552
9504	4560
9504	5536
9504	9584
9504	4502
9504	5582
9504	4543
9504	5512
9504	5577
9504	4524
9504	9571
9504	9511
9504	9512
9504	9555
9504	9556
4548	4511
4548	9585
4548	5506
4548	4579
4548	5504
4548	9591
4548	4550
4548	5568
4548	5569
4548	4535
4548	4510
4548	5567
4548	955
4548	4532
4548	5500
4548	9549
4548	9504
4548	4552
4548	4560
4548	5536
4548	9584
4548	4502
4548	5582
4548	4543
4548	5512
4548	5577
4548	4524
4548	9571
4548	9511
4548	9512
4548	9555
4548	9556
4552	4511
4552	9585
4552	5506
4552	4579
4552	5504
4552	9591
4552	4550
4552	5568
4552	5569
4552	4535
4552	4510
4552	5567
4552	955
4552	4532
4552	5500
4552	9549
4552	9504
4552	4548
4552	4560
4552	5536
4552	9584
4552	4502
4552	5582
4552	4543
4552	5512
4552	5577
4552	4524
4552	9571
4552	9511
4552	9512
4552	9555
4552	9556
4560	4511
4560	9585
4560	5506
4560	4579
4560	5504
4560	9591
4560	4550
4560	5568
4560	5569
4560	4535
4560	4510
4560	5567
4560	955
4560	4532
4560	5500
4560	9549
4560	9504
4560	4548
4560	4552
4560	5536
4560	9584
4560	4502
4560	5582
4560	4543
4560	5512
4560	5577
4560	4524
4560	9571
4560	9511
4560	9512
4560	9555
4560	9556
5536	4511
5536	9585
5536	5506
5536	4579
5536	5504
5536	9591
5536	4550
5536	5568
5536	5569
5536	4535
5536	4510
5536	5567
5536	955
5536	4532
5536	5500
5536	9549
5536	9504
5536	4548
5536	4552
5536	4560
5536	9584
5536	4502
5536	5582
5536	4543
5536	5512
5536	5577
5536	4524
5536	9571
5536	9511
5536	9512
5536	9555
5536	9556
9584	4511
9584	9585
9584	5506
9584	4579
9584	5504
9584	9591
9584	4550
9584	5568
9584	5569
9584	4535
9584	4510
9584	5567
9584	955
9584	4532
9584	5500
9584	9549
9584	9504
9584	4548
9584	4552
9584	4560
9584	5536
9584	4502
9584	5582
9584	4543
9584	5512
9584	5577
9584	4524
9584	9571
9584	9511
9584	9512
9584	9555
9584	9556
4502	4511
4502	9585
4502	5506
4502	4579
4502	5504
4502	9591
4502	4550
4502	5568
4502	5569
4502	4535
4502	4510
4502	5567
4502	955
4502	4532
4502	5500
4502	9549
4502	9504
4502	4548
4502	4552
4502	4560
4502	5536
4502	9584
4502	5582
4502	4543
4502	5512
4502	5577
4502	4524
4502	9571
4502	9511
4502	9512
4502	9555
4502	9556
5582	4511
5582	9585
5582	5506
5582	4579
5582	5504
5582	9591
5582	4550
5582	5568
5582	5569
5582	4535
5582	4510
5582	5567
5582	955
5582	4532
5582	5500
5582	9549
5582	9504
5582	4548
5582	4552
5582	4560
5582	5536
5582	9584
5582	4502
5582	4543
5582	5512
5582	5577
5582	4524
5582	9571
5582	9511
5582	9512
5582	9555
5582	9556
4543	4511
4543	9585
4543	5506
4543	4579
4543	5504
4543	9591
4543	4550
4543	5568
4543	5569
4543	4535
4543	4510
4543	5567
4543	955
4543	4532
4543	5500
4543	9549
4543	9504
4543	4548
4543	4552
4543	4560
4543	5536
4543	9584
4543	4502
4543	5582
4543	5512
4543	5577
4543	4524
4543	9571
4543	9511
4543	9512
4543	9555
4543	9556
5512	4511
5512	9585
5512	5506
5512	4579
5512	5504
5512	9591
5512	4550
5512	5568
5512	5569
5512	4535
5512	4510
5512	5567
5512	955
5512	4532
5512	5500
5512	9549
5512	9504
5512	4548
5512	4552
5512	4560
5512	5536
5512	9584
5512	4502
5512	5582
5512	4543
5512	5577
5512	4524
5512	9571
5512	9511
5512	9512
5512	9555
5512	9556
5577	4511
5577	9585
5577	5506
5577	4579
5577	5504
5577	9591
5577	4550
5577	5568
5577	5569
5577	4535
5577	4510
5577	5567
5577	955
5577	4532
5577	5500
5577	9549
5577	9504
5577	4548
5577	4552
5577	4560
5577	5536
5577	9584
5577	4502
5577	5582
5577	4543
5577	5512
5577	4524
5577	9571
5577	9511
5577	9512
5577	9555
5577	9556
4524	4511
4524	9585
4524	5506
4524	4579
4524	5504
4524	9591
4524	4550
4524	5568
4524	5569
4524	4535
4524	4510
4524	5567
4524	955
4524	4532
4524	5500
4524	9549
4524	9504
4524	4548
4524	4552
4524	4560
4524	5536
4524	9584
4524	4502
4524	5582
4524	4543
4524	5512
4524	5577
4524	9571
4524	9511
4524	9512
4524	9555
4524	9556
9571	4511
9571	9585
9571	5506
9571	4579
9571	5504
9571	9591
9571	4550
9571	5568
9571	5569
9571	4535
9571	4510
9571	5567
9571	955
9571	4532
9571	5500
9571	9549
9571	9504
9571	4548
9571	4552
9571	4560
9571	5536
9571	9584
9571	4502
9571	5582
9571	4543
9571	5512
9571	5577
9571	4524
9571	9511
9571	9512
9571	9555
9571	9556
9511	4511
9511	9585
9511	5506
9511	4579
9511	5504
9511	9591
9511	4550
9511	5568
9511	5569
9511	4535
9511	4510
9511	5567
9511	955
9511	4532
9511	5500
9511	9549
9511	9504
9511	4548
9511	4552
9511	4560
9511	5536
9511	9584
9511	4502
9511	5582
9511	4543
9511	5512
9511	5577
9511	4524
9511	9571
9511	9512
9511	9555
9511	9556
9512	4511
9512	9585
9512	5506
9512	4579
9512	5504
9512	9591
9512	4550
9512	5568
9512	5569
9512	4535
9512	4510
9512	5567
9512	955
9512	4532
9512	5500
9512	9549
9512	9504
9512	4548
9512	4552
9512	4560
9512	5536
9512	9584
9512	4502
9512	5582
9512	4543
9512	5512
9512	5577
9512	4524
9512	9571
9512	9511
9512	9555
9512	9556
9555	4511
9555	9585
9555	5506
9555	4579
9555	5504
9555	9591
9555	4550
9555	5568
9555	5569
9555	4535
9555	4510
9555	5567
9555	955
9555	4532
9555	5500
9555	9549
9555	9504
9555	4548
9555	4552
9555	4560
9555	5536
9555	9584
9555	4502
9555	5582
9555	4543
9555	5512
9555	5577
9555	4524
9555	9571
9555	9511
9555	9512
9555	9556
9556	4511
9556	9585
9556	5506
9556	4579
9556	5504
9556	9591
9556	4550
9556	5568
9556	5569
9556	4535
9556	4510
9556	5567
9556	955
9556	4532
9556	5500
9556	9549
9556	9504
9556	4548
9556	4552
9556	4560
9556	5536
9556	9584
9556	4502
9556	5582
9556	4543
9556	5512
9556	5577
9556	4524
9556	9571
9556	9511
9556	9512
9556	9555
4502	9594
4502	9545
4502	9507
4502	5533
9594	4502
9594	5506
9594	4579
9594	4552
9594	5500
9594	5582
9594	5569
9594	4535
9594	4510
9594	4511
9594	955
9594	4532
9594	9549
9594	9545
9594	9507
9594	9504
9594	5533
9594	4548
9594	4560
9594	9584
9594	9585
9594	5568
9594	5512
9594	5577
9594	4524
9594	9511
9594	9512
9594	9555
9594	9556
5506	9594
5506	9545
5506	9507
5506	5533
4579	9594
4579	9545
4579	9507
4579	5533
4552	9594
4552	9545
4552	9507
4552	5533
5500	9594
5500	9545
5500	9507
5500	5533
5582	9594
5582	9545
5582	9507
5582	5533
5569	9594
5569	9545
5569	9507
5569	5533
4535	9594
4535	9545
4535	9507
4535	5533
4510	9594
4510	9545
4510	9507
4510	5533
4511	9594
4511	9545
4511	9507
4511	5533
955	9594
955	9545
955	9507
955	5533
4532	9594
4532	9545
4532	9507
4532	5533
9549	9594
9549	9545
9549	9507
9549	5533
9545	4502
9545	9594
9545	5506
9545	4579
9545	4552
9545	5500
9545	5582
9545	5569
9545	4535
9545	4510
9545	4511
9545	955
9545	4532
9545	9549
9545	9507
9545	9504
9545	5533
9545	4548
9545	4560
9545	9584
9545	9585
9545	5568
9545	5512
9545	5577
9545	4524
9545	9511
9545	9512
9545	9555
9545	9556
9507	4502
9507	9594
9507	5506
9507	4579
9507	4552
9507	5500
9507	5582
9507	5569
9507	4535
9507	4510
9507	4511
9507	955
9507	4532
9507	9549
9507	9545
9507	9504
9507	5533
9507	4548
9507	4560
9507	9584
9507	9585
9507	5568
9507	5512
9507	5577
9507	4524
9507	9511
9507	9512
9507	9555
9507	9556
9504	9594
9504	9545
9504	9507
9504	5533
5533	4502
5533	9594
5533	5506
5533	4579
5533	4552
5533	5500
5533	5582
5533	5569
5533	4535
5533	4510
5533	4511
5533	955
5533	4532
5533	9549
5533	9545
5533	9507
5533	9504
5533	4548
5533	4560
5533	9584
5533	9585
5533	5568
5533	5512
5533	5577
5533	4524
5533	9511
5533	9512
5533	9555
5533	9556
4548	9594
4548	9545
4548	9507
4548	5533
4560	9594
4560	9545
4560	9507
4560	5533
9584	9594
9584	9545
9584	9507
9584	5533
9585	9594
9585	9545
9585	9507
9585	5533
5568	9594
5568	9545
5568	9507
5568	5533
5512	9594
5512	9545
5512	9507
5512	5533
5577	9594
5577	9545
5577	9507
5577	5533
4524	9594
4524	9545
4524	9507
4524	5533
9511	9594
9511	9545
9511	9507
9511	5533
9512	9594
9512	9545
9512	9507
9512	5533
9555	9594
9555	9545
9555	9507
9555	5533
9556	9594
9556	9545
9556	9507
9556	5533
